0
0 !LPUB ASSEM SHOW_STEP_NUMBER GLOBAL TRUE
0 !LPUB PAGE PUBLISH_URL_BACK DISPLAY GLOBAL FALSE
0 !LPUB PAGE PUBLISH_EMAIL DISPLAY GLOBAL TRUE
0 !LPUB PAGE PUBLISH_EMAIL_BACK DISPLAY GLOBAL TRUE
0 !LPUB PAGE DOCUMENT_AUTHOR_FRONT DISPLAY GLOBAL TRUE
0 !LPUB PLI BORDER GLOBAL NONE 0 MARGINS 0.050 0.050
0 !LPUB PLI INSTANCE_COUNT FONT GLOBAL "Arial,22,-1,5,50,0,0,0,0,0,Normal"
0 !LPUB PLI BACKGROUND GLOBAL COLOR "#abecff"
0 !LPUB STEP_NUMBER FONT GLOBAL "Arial,36,-1,5,50,0,0,0,0,0,Normal"

0 !LPUB PAGE MODEL_ID CONTENT GLOBAL "Build nstructions by Jose A. Cruz P."

0 !LPUB PAGE DOCUMENT_COVER_IMAGE FILE LOCAL "D:/Users/josec/Documents/Proyectos/AlexaSkills/LegoEV3Contest/agt-missions/a_ev3_cte_other/_otherfiles/IMG-7899.jpg"
0 !LPUB PAGE DOCUMENT_COVER_IMAGE PLACEMENT LOCAL CENTER PAGE INSIDE OFFSET -0.0123 -0.0732
0 !LPUB PAGE MODEL_ID DISPLAY GLOBAL TRUE
0 !LPUB PAGE MODEL_ID DISPLAY GLOBAL FALSE
0 !LPUB PAGE MODEL_DESCRIPTION DISPLAY GLOBAL FALSE
0 !LPUB PAGE DOCUMENT_TITLE_FRONT CONTENT GLOBAL "Color Tower Red"
0 !LPUB PAGE DOCUMENT_TITLE_FRONT DISPLAY GLOBAL TRUE
0 !LPUB PAGE DOCUMENT_COVER_IMAGE DISPLAY GLOBAL TRUE
0 !LPUB PAGE DOCUMENT_AUTHOR_FRONT PLACEMENT LOCAL BOTTOM LEFT DOCUMENT_TITLE OUTSIDE OFFSET -0.7933 21.3785
0 !LPUB PAGE DOCUMENT_TITLE_FRONT PLACEMENT LOCAL LEFT PAGE INSIDE OFFSET 0.3043 -0.4504
0 !LPUB INSERT COVER_PAGE FRONT
0 STEP
0 !LPUB BOM BORDER LOCAL SQUARE 0 Black 0.031 MARGINS 0.050 0.050
0 !LPUB BOM CONSTRAIN LOCAL HEIGHT 6.8800
0 !LPUB BOM PLACEMENT LOCAL CENTER PAGE INSIDE OFFSET -0.0051 -0.1027
0 !LPUB INSERT PAGE
0 !LPUB INSERT BOM
0 STEP
1 71 0 -27 -6 1 0 0 0 0.105 -0.995 0 0.995 0.105 64179.dat
1 4 0 -68 -2 0.005 0.005 -1 0.068 0.998 0.006 0.998 -0.068 0.004 32523.dat
1 4 0 -48 -4 0.005 0.005 -1 0.068 0.998 0.006 0.998 -0.068 0.004 32523.dat
1 4 0 -28 -6 0.005 0.005 -1 0.068 0.998 0.006 0.998 -0.068 0.004 32523.dat
1 4 0 -9 -8 0.005 0.005 -1 0.068 0.998 0.006 0.998 -0.068 0.004 32523.dat
1 4 0 11 -9 0.005 0.005 -1 0.068 0.998 0.006 0.998 -0.068 0.004 32523.dat
0 STEP
1 71 20 -17 -7 0 -0.64 -0.768 -0.996 0.068 -0.057 0.088 0.765 -0.637 55013.dat
1 71 -20 -17 -6 0 -0.64 -0.768 -0.996 0.068 -0.057 0.088 0.765 -0.637 55013.dat
0 STEP
1 71 -18 53 -13 0.71 0.703 -0.022 0.063 -0.032 0.997 0.701 -0.71 -0.068 3713.dat
1 71 20 53 -15 0.71 0.703 -0.022 0.063 -0.032 0.997 0.701 -0.71 -0.068 3713.dat
1 0 40 -46 5 0.06 0.997 0.041 0.079 -0.046 0.996 0.995 -0.057 -0.082 4459.dat
1 0 -40 -46 5 0.06 0.997 0.041 0.079 -0.046 0.996 0.995 -0.057 -0.082 4459.dat
0 STEP
1 71 40 34 9 -0.998 0.064 -0.004 0.002 0.099 0.995 0.064 0.993 -0.099 40490.dat
1 71 -40 34 9 -1 0.03 -0.001 0.002 0.099 0.995 0.03 0.995 -0.099 40490.dat
1 0 -39 94 12 0.06 0.997 0.041 0.079 -0.046 0.996 0.995 -0.057 -0.082 4459.dat
1 0 40 94 13 0.06 0.997 0.041 0.079 -0.046 0.996 0.995 -0.057 -0.082 4459.dat
1 0 -39 114 10 0.06 0.997 0.041 0.079 -0.046 0.996 0.995 -0.057 -0.082 4459.dat
1 0 40 114 11 0.06 0.997 0.041 0.079 -0.046 0.996 0.995 -0.057 -0.082 4459.dat
0 STEP
1 31 39 234 13 0.997 -0.077 -0.015 0.009 -0.079 0.997 -0.078 -0.994 -0.078 32278.dat
1 31 -40 234 13 0.997 -0.077 -0.015 0.009 -0.079 0.997 -0.078 -0.994 -0.078 32278.dat
1 0 39 137 11 0.06 0.997 0.041 0.079 -0.046 0.996 0.995 -0.057 -0.082 4459.dat
1 0 39 175 8 0.06 0.997 0.041 0.079 -0.046 0.996 0.995 -0.057 -0.082 4459.dat
1 0 -39 135 11 0.06 0.997 0.041 0.079 -0.046 0.996 0.995 -0.057 -0.082 4459.dat
1 0 39 252 2 0.06 0.997 0.041 0.079 -0.046 0.996 0.995 -0.057 -0.082 4459.dat
1 0 -42 252 3 0.06 0.997 0.041 0.079 -0.046 0.996 0.995 -0.057 -0.082 4459.dat
1 0 36 372 -8 0.06 0.997 0.041 0.079 -0.046 0.996 0.995 -0.057 -0.082 4459.dat
1 0 -43 372 -8 0.06 0.997 0.041 0.079 -0.046 0.996 0.995 -0.057 -0.082 4459.dat
0 STEP
1 71 -40 134 0 -0.007 -0.016 1 0.997 0.081 0.008 -0.081 0.997 0.015 32526.dat
1 71 -1 251 -11 -0.01 0.019 1 0.997 0.081 0.008 -0.081 0.997 -0.02 32316.dat
1 31 36 411 -25 0.997 -0.077 -0.015 0.009 -0.079 0.997 -0.078 -0.994 -0.078 32278.dat
1 31 -44 411 -20 0.997 -0.077 -0.015 0.009 -0.079 0.997 -0.078 -0.994 -0.078 32278.dat
0 STEP
1 1 -43 272 -10 -0.113 -0.991 -0.078 -0.13 -0.063 0.99 -0.985 0.122 -0.121 6558.dat
1 1 36 273 -11 -0.113 -0.991 -0.078 -0.13 -0.063 0.99 -0.985 0.122 -0.121 6558.dat
1 1 33 550 -34 -0.113 -0.991 -0.078 -0.095 -0.067 0.993 -0.989 0.12 -0.087 6558.dat
1 1 -46 550 -33 -0.044 -0.996 -0.071 -0.095 -0.067 0.993 -0.995 0.05 -0.092 6558.dat
1 71 -4 557 26 0.052 0.013 0.999 0.096 -0.995 0.008 0.994 0.096 -0.053 64178.dat
0 STEP
1 71 -9 545 -93 0.052 0.013 0.999 0.096 -0.995 0.008 0.994 0.096 -0.053 64178.dat
1 0 -20 133 -8 0.06 0.997 0.041 0.079 -0.046 0.996 0.995 -0.057 -0.082 4459.dat
1 0 0 133 -8 0.06 0.997 0.041 0.079 -0.046 0.996 0.995 -0.057 -0.082 4459.dat
1 0 19 133 -8 0.06 0.997 0.041 0.079 -0.046 0.996 0.995 -0.057 -0.082 4459.dat
1 0 -20 251 -19 0.06 0.997 0.041 0.079 -0.046 0.996 0.995 -0.057 -0.082 4459.dat
1 0 0 251 -19 0.06 0.997 0.041 0.079 -0.046 0.996 0.995 -0.057 -0.082 4459.dat
1 0 19 251 -19 0.06 0.997 0.041 0.079 -0.046 0.996 0.995 -0.057 -0.082 4459.dat
0 STEP
1 31 -121 131 -17 0.007 -0.016 1 -0.998 -0.061 0.007 0.061 -0.998 -0.016 32278.dat
1 31 -121 250 -30 0.007 -0.016 1 -0.998 -0.061 0.007 0.061 -0.998 -0.016 32278.dat
1 0 -260 251 -19 0.06 0.997 0.041 0.079 -0.046 0.996 0.995 -0.057 -0.082 4459.dat
1 0 -260 131 -5 0.06 0.997 0.041 0.079 -0.046 0.996 0.995 -0.057 -0.082 4459.dat
0 STEP
1 71 -260 191 -1 1 -0.008 -0.01 0.009 -0.093 0.996 -0.009 -0.995 -0.093 32524.dat
0 STEP
